name: ml4t
channels:
  - conda-forge
  - defaults
dependencies:
  - atomicwrites=1.4.0=pyh9f0ad1d_0
  - attrs=21.4.0=pyhd8ed1ab_0
  - backports=1.0=py_2
  - backports.functools_lru_cache=1.6.4=pyhd8ed1ab_0
  - blas=1.0=mkl
  - ca-certificates=2022.5.18.1=h5b45459_0
  - colorama=0.4.4=pyh9f0ad1d_0
  - cycler=0.10.0=py_2
  - freetype=2.10.4=h546665d_1
  - future=0.17.1=py36_1000
  - icc_rt=2019.0.0=h0cc432a_1
  - icu=69.1=h0e60522_0
  - importlib-metadata=4.8.1=py36ha15d459_0
  - importlib_metadata=4.8.1=hd8ed1ab_1
  - intel-openmp=2022.1.0=h57928b3_3787
  - joblib=0.13.2=py_0
  - jpeg=9e=h8ffe710_1
  - kiwisolver=1.1.0=py36h246c5b5_1
  - libblas=3.9.0=8_mkl
  - libcblas=3.9.0=8_mkl
  - libclang=13.0.1=default_h81446c8_0
  - liblapack=3.9.0=8_mkl
  - libpng=1.6.37=h1d00b33_2
  - libzlib=1.2.11=h8ffe710_1014
  - matplotlib=3.0.3=py36_1
  - matplotlib-base=3.0.3=py36h3e3dc42_1
  - mkl=2020.4=hb70f87d_311
  - more-itertools=8.13.0=pyhd8ed1ab_0
  - numpy=1.16.3=py36h873a0b8_0
  - openssl=1.1.1o=h8ffe710_0
  - packaging=21.3=pyhd8ed1ab_0
  - pandas=0.24.2=py36he350917_1
  - patsy=0.5.2=pyhd8ed1ab_0
  - pip=21.3.1=pyhd8ed1ab_0
  - pluggy=0.13.1=py36ha15d459_4
  - pprofile=2.0.2=py36ha15d459_1001
  - py=1.11.0=pyh6c4a22f_0
  - pyparsing=2.4.0=py_0
  - pyqt=5.12.3=py36ha15d459_7
  - pyqt-impl=5.12.3=py36he2d232f_7
  - pyqt5-sip=4.19.18=py36he2d232f_7
  - pyqtchart=5.12=py36he2d232f_7
  - pyqtwebengine=5.12.1=py36he2d232f_7
  - pytest=5.0.1=py36_1
  - pytest-json=0.4.0=py_1
  - python=3.6.15=h39d44d4_0_cpython
  - python-dateutil=2.8.0=py_0
  - python_abi=3.6=2_cp36m
  - pytz=2019.1=py_0
  - qt=5.12.9=h556501e_6
  - scipy=1.2.1=py36h29ff71c_0
  - seaborn=0.9.0=py_2
  - setuptools=58.0.4=py36ha15d459_2
  - six=1.12.0=py36_1001
  - sqlite=3.38.5=h8ffe710_0
  - statsmodels=0.12.0=py36h779f372_0
  - tornado=6.1=py36h68aa20f_1
  - typing_extensions=4.1.1=pyha770c72_0
  - ucrt=10.0.20348.0=h57928b3_0
  - vc=14.2=hb210afc_6
  - vs2015_runtime=14.29.30037=h902a5da_6
  - wcwidth=0.2.5=pyh9f0ad1d_2
  - wheel=0.37.1=pyhd8ed1ab_0
  - zipp=3.6.0=pyhd8ed1ab_0
  - zlib=1.2.11=h8ffe710_1014
  - pip:
    - gradescope-utils==0.4.0
    - jsons==0.8.8
    - subprocess32==3.5.4
prefix: C:\Users\Neele\miniconda3\envs\ml4t
